time_units: Ne generations
generation_time: 1  
demes:
  - name: B
    start_time: .inf
    epochs:
      - start_size: 390643.618832
        end_time: 0.635912
      - start_size: 390643.618832
        end_time: 0.317956
      - start_size: 3513382.80903
        end_time: 0.01337
      - start_size: 1754230.165822
        end_time: 0.0
